"","recipient","removal_rate","partners","acts_per_day","transmission_risk_per_act","transmission_risk_per_day","source","infectionTime","sampleTime","cumulative_partners","cumulative_transmissions"
"1",1,1e-04,0,0.0429007369559258,0.00375815459885497,0,NA,NA,NA,0,0
"2",2,1e-04,0,0.128648012783378,0.00305387946109344,0,NA,NA,NA,0,0
"3",3,1e-04,0,0.40175005578107,0.00379664305254411,0,NA,NA,NA,0,0
"4",4,1e-04,0,0.00750356434642213,0.00455262684391833,0,NA,NA,NA,0,0
"5",5,1e-04,1,1.00523176337208,0.00378388733690511,0.00380364604312178,NA,NA,NA,0,0
"6",6,1e-04,0,0.102179200854152,0.00353499443285545,0,NA,NA,NA,0,0
"7",7,1e-04,0,0.048174247937277,0.00404040284078359,0,NA,NA,NA,0,0
"8",8,1e-04,1,0.390015954046015,0.00401759976259681,0.00156885216809377,NA,NA,NA,0,0
"9",9,1e-04,4,0.459579537574013,0.00380917416210652,0.00699129120249131,NA,NA,NA,0,0
"10",10,1e-04,3,0.0212400797056574,0.00333454228892322,0.000212810232343985,NA,NA,NA,0,0
"11",11,1e-04,4,0.482633492697902,0.0803022610858044,0.149223144660744,10,77,442,0,0
"12",12,1e-04,3,0.911205588752355,0.091376510045875,0.230448488352627,11,78,443,0,0
"13",13,1e-04,0,0.227013288701055,0.0979813984439568,0,12,79,444,0,0
"14",14,1e-04,2,0.254136621380661,0.0869122876390656,0.0451622966277531,11,80,445,0,0
"15",15,1e-04,1,0.538647577438896,0.094812309123885,0.0522421875821608,12,80,445,0,0
"16",16,1e-04,0,0.469959844996162,0.0907461354754598,0,12,82,447,0,0
"17",17,1e-04,0,1.01323031405534,0.0643737322911962,0,12,86,451,0,0
"18",18,1e-04,1,0.434391097512968,0.079023326323468,0.0351275116942361,14,87,452,0,0
"19",19,1e-04,1,0.181273859599605,0.0803134367830773,0.0150620898491365,11,88,453,0,0
"20",20,1e-04,0,0.341408765467065,0.07922577413161,0,11,89,454,0,0
"21",21,1e-04,3,0.10163567648411,0.0815316505717217,0.025598343878185,12,89,454,0,0
"22",22,1e-04,1,0.487628220725541,0.0852824448683866,0.0425359960525082,19,89,454,0,0
"23",23,1e-04,4,0.135033561615273,0.0897562351494323,0.0495272242879948,12,90,455,0,0
"24",24,1e-04,0,0.436941592491663,0.000726298874496525,0,12,92,457,0,0
"25",25,1e-04,0,0.0208131165119712,0.000813042039201987,0,19,92,457,0,0
"26",26,1e-04,0,1.13352667701648,0.000812169365155736,0,11,95,460,0,0
"27",27,1e-04,0,0.558903935526438,0.000813468502565455,0,22,98,463,0,0
"28",28,1e-04,3,0.243882301623437,0.000888882540836156,0.000650425754158079,12,99,464,0,0
"29",29,1e-04,0,0.102545297658071,0.000869494703053613,0,11,100,465,0,0
"30",30,1e-04,0,0.555198606264718,0.00076003450849192,0,21,100,465,0,0
"31",31,1e-04,1,1.22408761096405,0.000650312754595742,0.000795981774136423,23,100,465,0,0
"32",32,1e-04,1,0.0209991027923163,0.000722421533444686,1.51755711715884e-05,12,104,469,0,0
"33",33,1e-04,0,0.211877970478002,0.000780526379177692,0,12,105,470,0,0
"34",34,1e-04,0,0.0999057020992041,0.000752580787170229,0,23,105,470,0,0
"35",35,1e-04,1,0.115725652500987,0.000836139925946755,9.67986294230228e-05,11,108,473,0,0
"36",36,1e-04,3,0.431002850060291,0.000683631625583325,0.000883852991660716,22,108,473,0,0
"37",37,1e-04,0,0.00352608351968229,0.000732193597356698,0,14,109,474,0,0
"38",38,1e-04,0,0.177008732920513,0.000869437537264548,0,11,110,475,0,0
"39",39,1e-04,0,0.0125703858260391,0.000886916519018797,0,12,112,477,0,0
"40",40,1e-04,0,0.762132771834176,0.000733521312812807,0,12,115,480,0,0
"41",41,1e-04,1,0.716702654361169,0.00074756098804803,0.000535835696761078,14,116,481,0,0
"42",42,1e-04,0,0.131720939464867,0.000763798674187774,0,12,118,483,0,0
"43",43,1e-04,0,0.0314557498320937,0.000831475821501592,0,21,118,483,0,0
"44",44,1e-04,7,0.947186022329543,0.00107017069544628,0.00707421362078142,12,122,487,0,0
"45",45,1e-04,1,0.411760293120954,0.000756801831781081,0.000311690335737858,12,123,488,0,0
"46",46,1e-04,0,0.00766456676647067,0.000644599634916831,0,11,128,493,0,0
"47",47,1e-04,1,0.207425331696868,0.00101763034082917,0.000211167486799613,22,130,495,0,0
"48",48,1e-04,0,0.0590227890294045,0.000671755100355098,0,23,131,496,0,0
"49",49,1e-04,2,0.265764741428314,0.000677603361054897,0.000360223348120692,18,132,497,0,0
"50",50,1e-04,0,0.258568490380066,0.000840104473337921,0,12,134,499,0,0
"51",51,1e-04,2,0.199504079483449,0.000970620675253726,0.000387398585870335,12,137,502,0,0
"52",52,1e-04,0,0.282104678066883,0.000909313071777825,0,11,138,503,0,0
"53",53,1e-04,1,0.482598846380539,0.000841250010407322,0.000406074677707258,9,139,504,0,0
"54",54,1e-04,0,0.554437765826411,0.000693763443505756,0,18,142,507,0,0
"55",55,1e-04,4,0.542946586710116,0.000799684885546687,0.00173593103661784,12,143,508,0,0
"56",56,1e-04,1,0.0440718434751034,0.00082408724397483,3.63333572110935e-05,22,143,508,0,0
"57",57,1e-04,1,0.363673960032377,0.000775716584925973,0.000282177577234144,23,143,508,0,0
"58",58,1e-04,0,0.146829764870927,0.000948057384406155,0,12,144,509,0,0
"59",59,1e-04,0,0.422485815522201,0.000780396971771896,0,12,145,510,0,0
"60",60,1e-04,0,0.271992559158979,0.000944357482941654,0,18,147,512,0,0
"61",61,1e-04,0,0.217126390232209,0.000945102971256639,0,12,150,515,0,0
"62",62,1e-04,1,0.460416251395769,0.000847539587426259,0.000390310266241256,12,151,516,0,0
"63",63,1e-04,0,0.736304750814479,0.000733392963834275,0,14,154,519,0,0
"64",64,1e-04,2,0.0416381085411483,0.000713795425443226,5.94616397679992e-05,22,154,519,0,0
"65",65,1e-04,0,0.671227623010752,0.000914204236645734,0,11,155,520,0,0
"66",66,1e-04,0,0.664314486089887,0.00060495048665454,0,12,156,521,0,0
"67",67,1e-04,0,0.88385897369452,0.000863044137626979,0,12,157,522,0,0
"68",68,1e-04,1,0.064018364623189,0.000714211934036614,4.57379696189308e-05,14,157,522,0,0
"69",69,1e-04,1,0.0495164683298039,0.000787486025000696,3.90081274742604e-05,11,160,525,0,0
"70",70,1e-04,0,0.048487770642925,0.000786865069086684,0,11,162,527,0,0
"71",71,1e-04,0,0.040899445386749,0.000755198787194037,0,12,162,527,0,0
"72",72,1e-04,2,0.157852692715824,0.000704333763829604,0.000222415569679946,11,166,531,0,0
"73",73,1e-04,0,0.398256461775366,0.000931894179372519,0,23,168,533,0,0
"74",74,1e-04,0,0.0265340846031904,0.000716203996180022,0,21,177,542,0,0
"75",75,1e-04,1,0.198982546152547,0.000790723090790598,0.000157389945843911,12,178,543,0,0
"76",76,1e-04,3,0.641087569072287,0.00075148106883513,0.001444794121777,19,180,545,0,0
"77",77,1e-04,1,0.204259549453855,0.000628392714457845,0.000128387316021383,14,182,547,0,0
"78",78,1e-04,0,0.393055586690519,0.000871285813729596,0,12,183,548,0,0
"79",79,1e-04,2,0.454483701263495,0.000834702922602135,0.00075874658184405,11,184,549,0,0
"80",80,1e-04,0,0.0797199061295149,0.000907009548832678,0,11,186,551,0,0
"81",81,1e-04,3,0.67522907209884,0.000932660735704374,0.00188837527737773,51,188,553,0,0
"82",82,1e-04,1,0.0794244285991987,0.000636609669538583,5.05771812522315e-05,11,189,554,0,0
"83",83,1e-04,0,0.0721814871300012,0.00079031126926365,0,12,189,554,0,0
"84",84,1e-04,0,0.306863969702002,0.000756940452414864,0,22,192,557,0,0
"85",85,1e-04,1,0.134508415684104,0.000730588209921498,9.83013457814819e-05,12,195,560,0,0
"86",86,1e-04,3,0.0610794099758155,0.000866711323187969,0.000158870890421992,14,196,561,0,0
"87",87,1e-04,1,0.277269482620942,0.000752990188912944,0.000208838034978842,22,196,561,0,0
"88",88,1e-04,0,0.815452198087614,0.000677265460065676,0,12,197,562,0,0
"89",89,1e-04,0,0.073648195128041,0.000750983749093042,0,18,199,564,0,0
"90",90,1e-04,2,0.0472063962835819,0.000702801564441484,6.63745830169482e-05,11,200,565,0,0
"91",91,1e-04,2,0.0243634591810405,0.000949618238440092,4.6292883103427e-05,11,202,567,0,0
"92",92,1e-04,0,0.304692362888221,0.000690544242534013,0,18,203,568,0,0
"93",93,1e-04,0,0.370184829073463,0.000958633071555916,0,11,205,570,0,0
"94",94,1e-04,0,0.217918964276526,0.000789960881464184,0,12,205,570,0,0
"95",95,1e-04,1,0.00121708111837506,0.000828079846468247,1.00825735405152e-06,12,207,572,0,0
"96",96,1e-04,0,1.14769290697979,0.000828665517183711,0,22,207,572,0,0
"97",97,1e-04,1,0.917017936656132,0.000671043169176113,0.000615375759539849,12,208,573,0,0
"98",98,1e-04,1,0.00370668084360659,0.000856143518550894,3.17480498035483e-06,15,211,576,0,0
"99",99,1e-04,2,0.725866572334807,0.000908636536387614,0.00131882701210628,12,212,577,0,0
"100",100,1e-04,0,0.142858804880206,0.000558533697994115,0,12,213,578,0,0
"101",101,1e-04,2,1.52401231127351,0.000582875730377183,0.00177555937965213,11,214,579,0,0
"102",102,1e-04,0,1.16572294396566,0.00101735728349467,0,12,214,579,0,0
"103",103,1e-04,1,0.159690725198016,0.000643616470161171,0.000102807385342185,11,215,580,0,0
"104",104,1e-04,0,0.152787804650143,0.000778170187525415,0,12,215,580,0,0
"105",105,1e-04,1,0.135708409619311,0.000598168636249483,8.11975059221703e-05,11,217,582,0,0
"106",106,1e-04,1,0.188180388137698,0.00072599822773055,0.000136658906059295,12,218,583,0,0
"107",107,1e-04,1,0.435718998162067,0.000683117176929025,0.000297704519428343,9,219,584,0,0
"108",108,1e-04,1,0.452507496041186,0.00093093434496915,0.000421362173478546,11,219,584,0,0
"109",109,1e-04,2,0.19425863432698,0.000661797401121684,0.000257171762494623,11,220,585,0,0
"110",110,1e-04,1,0.114809698937461,0.000785899428852067,9.02602771162275e-05,22,220,585,0,0
"111",111,1e-04,0,0.450228806927579,0.000687982915225675,0,12,221,586,0,0
"112",112,1e-04,0,0.261047953289967,0.000838551088034246,0,12,222,587,0,0
"113",113,1e-04,0,0.147925422247499,0.000875447223715413,0,12,223,588,0,0
"114",114,1e-04,2,0.0646459344774485,0.000839882084439378,0.000108629650686365,14,223,588,0,0
"115",115,1e-04,0,0.193178749177605,0.000813940462785073,0,22,223,588,0,0
"116",116,1e-04,1,0.0251473544055858,0.000803771482809001,2.02206494611668e-05,76,223,588,0,0
"117",117,1e-04,0,0.309345709147368,0.000909891685142787,0,85,223,588,0,0
"118",118,1e-04,0,0.125348378391936,0.000846203540180007,0,12,224,589,0,0
"119",119,1e-04,3,0.0012752793263644,0.00050742231578458,1.94180638191099e-06,15,225,590,0,0
"120",120,1e-04,2,0.179137042444199,0.000854177043859061,0.00030611341260911,18,226,591,0,0
"121",121,1e-04,0,0.183692264556885,0.000712525695797584,0,11,228,593,0,0
"122",122,1e-04,0,0.274329131270263,0.000740606354471916,0,12,229,594,0,0
"123",123,1e-04,3,0.365036875090066,0.00101148271133322,0.00110763216699894,11,230,595,0,0
"124",124,1e-04,0,0.0831653491593897,0.000741736945176798,0,12,231,596,0,0
"125",125,1e-04,2,0.0890879292972386,0.000982790756249054,0.000175180345405868,18,231,596,0,0
"126",126,1e-04,0,0.238227799615327,0.000889885099090228,0,11,232,597,0,0
"127",127,1e-04,3,0.549166453977056,0.000733969144280157,0.00120892633598102,12,232,597,0,0
"128",128,1e-04,0,0.319895122187648,0.000809838058138207,0,22,232,597,0,0
"129",129,1e-04,1,0.336857238027782,0.000971351103906575,0.000327312090977583,12,233,598,0,0
"130",130,1e-04,1,0.267400681680504,0.000891537496324289,0.000238475627891144,44,234,599,0,0
"131",131,1e-04,0,0.170259978622198,0.000878697033977297,0,15,236,601,0,0
"132",132,1e-04,0,0.0907837249338627,0.000756652168718524,0,15,238,603,0,0
"133",133,1e-04,1,0.18026716648601,0.000885868755059338,0.000159751064136016,12,239,604,0,0
"134",134,1e-04,0,0.338327389663521,0.000686638517812019,0,11,241,606,0,0
"135",135,1e-04,1,0.0315544656140406,0.000559592628225237,1.76624327509201e-05,11,242,607,0,0
"136",136,1e-04,0,0.182700075209141,0.00085368708681334,0,12,242,607,0,0
"137",137,1e-04,0,0.146822074754164,0.00075043830155915,0,22,242,607,0,0
"138",138,1e-04,1,0.282194364745938,0.000793760507356048,0.00022405858342045,23,242,607,0,0
"139",139,1e-04,0,0.136064742039889,0.000746462111547368,0,14,244,609,0,0
"140",140,1e-04,0,0.230190308845106,0.000785808491261192,0,23,245,610,0,0
"141",141,1e-04,0,0.00960765215568244,0.000663768570481836,0,97,247,612,0,0
"142",142,1e-04,0,0.522430798013635,0.000739751238980937,0,12,250,615,0,0
"143",143,1e-04,1,0.0566101910546422,0.000757069299004618,4.28731499477752e-05,85,250,615,0,0
"144",144,1e-04,1,0.592188195859022,0.000742846028991995,0.000439971305608688,11,254,619,0,0
"145",145,1e-04,0,0.367163575318622,0.000851148387170058,0,18,254,619,0,0
"146",146,1e-04,0,0.407132415553991,0.000759542105353454,0,99,254,619,0,0
"147",147,1e-04,0,0.24424554363937,0.000736708567835038,0,11,255,620,0,0
"148",148,1e-04,1,0.152049797633663,0.000750336929677489,0.00011412488943352,12,255,620,0,0
"149",149,1e-04,2,0.0722429583533424,0.00100130031040159,0.00014473579735419,12,257,622,0,0
"150",150,1e-04,0,0.0408113479614258,0.000672340942973011,0,23,260,625,0,0
"151",151,1e-04,5,0.0223861958831549,0.00067190939900517,7.52299248254484e-05,12,262,627,0,0
"152",152,1e-04,0,0.347973450886738,0.000835036206615656,0,22,263,628,0,0
"153",153,1e-04,1,0.0801043257582933,0.000774002955379384,6.20230682266687e-05,12,264,629,0,0
"154",154,1e-04,0,0.21335758018395,0.000917439079768807,0,12,265,630,0,0
"155",155,1e-04,0,0.132515584329845,0.00071136215296767,0,14,265,630,0,0
"156",156,1e-04,0,0.0489200560855142,0.000831388018613912,0,12,267,632,0,0
"157",157,1e-04,0,0.329419209702376,0.000862382143571987,0,12,268,633,0,0
"158",158,1e-04,1,0.167192377900306,0.000907210566390473,0.000151736022672599,11,269,634,0,0
"159",159,1e-04,0,0.866517099301272,0.000959255001281268,0,12,269,634,0,0
"160",160,1e-04,1,0.736901123311354,0.0007919360583332,0.000583639387739421,21,271,636,0,0
"161",161,1e-04,0,0.0686273111030459,0.000598228546621901,0,23,272,637,0,0
"162",162,1e-04,5,0.38828106856576,0.000995551743608202,0.00193186374357757,12,276,641,0,0
"163",163,1e-04,3,0.0440751251507242,0.00072923169117566,9.64534566544328e-05,12,278,643,0,0
"164",164,1e-04,0,0.180222766427323,0.000844366499270171,0,23,278,643,0,0
"165",165,1e-04,1,0.180630538752303,0.000821318667377564,0.000148405177078037,12,279,644,0,0
"166",166,1e-04,0,0.245092788892388,0.000919817262608617,0,11,281,646,0,0
"167",167,1e-04,0,0.313720411049638,0.00083233211390369,0,22,282,647,0,0
"168",168,1e-04,3,0.526022202682622,0.000818123650408019,0.00129074828985565,12,286,651,0,0
"169",169,1e-04,1,0.139969414332882,0.000962724845243327,0.000134807851583485,11,287,652,0,0
"170",170,1e-04,1,0.254337003728489,0.000774526988435604,0.000197047783868309,22,287,652,0,0
"171",171,1e-04,1,0.186147676594555,0.000668414465329004,0.000124457656099475,12,288,653,0,0
"172",172,1e-04,0,0.136028603464365,0.000932735533252105,0,15,288,653,0,0
"173",173,1e-04,1,0.263611453200195,0.00109576265294965,0.000288972199080861,23,288,653,0,0
"174",174,1e-04,3,0.0886317784432322,0.000837845365970245,0.00022284771970793,23,289,654,0,0
"175",175,1e-04,0,0.0629554399754852,0.000681183878840838,0,23,291,656,0,0
"176",176,1e-04,4,0.121944838413534,0.00072905042542316,0.000355682169332905,11,294,659,0,0
"177",177,1e-04,0,0.103974739462137,0.000728667484010118,0,14,294,659,0,0
"178",178,1e-04,0,0.145286859897897,0.000700476645454842,0,23,296,661,0,0
"179",179,1e-04,0,0.155856244359165,0.000802961504434704,0,11,297,662,0,0
"180",180,1e-04,4,0.958336074599877,0.000763133448665827,0.00292219210068412,11,298,663,0,0
"181",181,1e-04,4,0.024181265104562,0.000778332660719295,7.5310750952351e-05,12,298,663,0,0
"182",182,1e-04,1,0.235131633827899,0.000803260603525428,0.000188930025926792,12,299,664,0,0
"183",183,1e-04,0,0.00963940252549946,0.000734053053730403,0,12,300,665,0,0
"184",184,1e-04,2,0.248221523417324,0.000641309644636479,0.000318425137633249,12,301,666,0,0
"185",185,1e-04,0,0.127201527077705,0.000573351669833046,0,22,302,667,0,0
"186",186,1e-04,1,0.144694350706413,0.000629772363750316,9.1149054837758e-05,12,305,670,0,0
"187",187,1e-04,0,0.287051104481001,0.000774700238912885,0,22,308,673,0,0
"188",188,1e-04,1,0.53845316970063,0.000683300243254696,0.000367983218372725,11,310,675,0,0
"189",189,1e-04,0,0.296781962646973,0.000856803753513025,0,11,311,676,0,0
"190",190,1e-04,2,0.500746395413704,0.000622896038608725,0.000623825602008132,18,311,676,0,0
"191",191,1e-04,2,0.322158365965998,0.00102854962354428,0.000662833010981134,12,313,678,0,0
"192",192,1e-04,2,0.293034784017566,0.000585880169587504,0.000343408184944494,12,315,680,0,0
"193",193,1e-04,1,0.1553566172719,0.000771063873614405,0.000119828901625096,15,316,681,0,0
"194",194,1e-04,2,0.946959514120474,0.000729003927203421,0.00138022452541486,12,318,683,0,0
"195",195,1e-04,1,0.12397912144661,0.000762809264918107,9.46040359656175e-05,11,319,684,0,0
"196",196,1e-04,1,0.0655127284213547,0.000779135483564555,5.10618827903597e-05,12,319,684,0,0
"197",197,1e-04,0,0.360962795174185,0.000719383902787952,0,18,319,684,0,0
"198",198,1e-04,3,0.165484741882969,0.000661746851040678,0.000328581774528991,12,321,686,0,0
"199",199,1e-04,0,1.5512930234012,0.000707913587913017,0,11,322,687,0,0
"200",200,1e-04,0,0.830076722576659,0.000872830708303102,0,12,324,689,0,0
"201",201,1e-04,0,1.0017160154375,0.00095167496634594,0,11,325,690,0,0
"202",202,1e-04,3,0.32581213917355,0.000846247840335352,0.000827161356663275,15,328,693,0,0
"203",203,1e-04,3,0.397997332165454,0.00100440060842497,0.00119912942221456,12,334,699,0,0
"204",204,1e-04,2,0.014557322938278,0.000959188233093529,2.79394373422504e-05,12,338,703,0,0
"205",205,1e-04,0,0.0216742171483288,0.000806761452656915,0,11,342,707,0,0
"206",206,1e-04,1,0.12858312651515,0.000692289203243666,8.90435724734129e-05,22,344,709,0,0
"207",207,1e-04,0,0.0729634987190366,0.000590880248828298,0,12,346,711,0,0
"208",208,1e-04,5,0.219522669715136,0.000760732179537804,0.000834958785679518,12,347,712,0,0
"209",209,1e-04,0,1.33262711785979,0.000744608726708204,0,11,349,714,0,0
"210",210,1e-04,0,0.0647550521515031,0.000683816742493563,0,12,349,714,0,0
"211",211,1e-04,0,0.0990004945546389,0.000720648172269746,0,11,352,717,0,0
"212",212,1e-04,6,0.0576216618530452,0.00088090985014176,0.000304644745844018,12,354,719,0,0
"213",213,1e-04,0,0.391204869455162,0.000883455592774899,0,15,354,719,0,0
"214",214,1e-04,0,0.269838014102671,0.000773092373039227,0,18,357,722,0,0
"215",215,1e-04,0,0.0155553418211639,0.000781976551728685,0,12,359,724,0,0
"216",216,1e-04,1,0.231497592197586,0.00069765549617757,0.000161548880962537,22,364,729,0,0
"217",217,1e-04,2,0.138258718326688,0.000918845433661021,0.000254161279744203,11,365,730,0,0
"218",218,1e-04,0,0.674445271405054,0.000826931551672846,0,23,368,733,0,0
"219",219,1e-04,3,0.178835936961696,0.000776889063787766,0.00041688212172819,12,376,741,0,0
"220",220,1e-04,0,0.032016416077501,0.000957250747618831,0,11,378,743,0,0
"221",221,1e-04,0,0.283635792775515,0.000709415538319528,0,11,379,744,0,0
"222",222,1e-04,2,0.21231970436773,0.000919005724754899,0.000390349270591117,12,380,745,0,0
"223",223,1e-04,2,0.248419126771488,0.000727826684553384,0.000361678376805896,19,381,746,0,0
"224",224,1e-04,0,1.42946796670445,0.000798228308396007,0,11,382,747,0,0
"225",225,1e-04,0,0.576519790266581,0.000836580866483313,0,14,385,750,0,0
"226",226,1e-04,7,0.0349349965247216,0.000688913988404206,0.000168514311895462,169,385,750,0,0
"227",227,1e-04,1,0.124884488945827,0.000729091573257214,9.10812892171986e-05,12,390,755,0,0
"228",228,1e-04,1,0.388306820007477,0.000839625654522134,0.000326116129708232,12,391,756,0,0
"229",229,1e-04,2,0.35897582535303,0.000679959944112119,0.000488225189706148,12,392,757,0,0
"230",230,1e-04,0,0.166769710415974,0.000719038253932744,0,12,395,760,0,0
"231",231,1e-04,0,0.0100075073540211,0.000833691433647295,0,22,395,760,0,0
"232",232,1e-04,0,0.0874581006355584,0.00101564583627096,0,22,396,761,0,0
"233",233,1e-04,4,0.595531388905771,0.00091427181510903,0.00217653437026855,18,397,762,0,0
"234",234,1e-04,0,0.46856015303399,0.000875177121696444,0,9,398,763,0,0
"235",235,1e-04,1,0.201645399397239,0.000840923705883713,0.000169625345567193,12,398,763,0,0
"236",236,1e-04,1,1.09991257650064,0.000640000633422548,0.000703922234785881,18,400,765,0,0
"237",237,1e-04,0,0.0188121090503677,0.000727742140511493,0,15,401,766,0,0
"238",238,1e-04,1,0.0652315219237748,0.000786158709949852,5.13011817691034e-05,198,402,767,0,0
"239",239,1e-04,1,0.438427736584969,0.000734685246924957,0.000322172862477599,12,403,768,0,0
"240",240,1e-04,0,0.46994164844317,0.000795266050717768,0,11,404,769,0,0
"241",241,1e-04,1,0.0714228125754744,0.000899616228755034,6.4279974170689e-05,101,405,770,0,0
"242",242,1e-04,1,0.123143042810261,0.000724811732225406,8.92838984898336e-05,22,406,771,0,0
"243",243,1e-04,1,0.726687573044937,0.000891663027242119,0.000648039425954039,11,408,773,0,0
"244",244,1e-04,4,1.31674568366155,0.000893780275984054,0.00469855736440017,12,408,773,0,0
"245",245,1e-04,0,0.145892161788236,0.000721281114025915,0,127,409,774,0,0
"246",246,1e-04,0,0.206964273238555,0.000792471284629058,0,11,416,781,0,0
"247",247,1e-04,0,0.00413562362082303,0.000972506289128678,0,12,419,784,0,0
"248",248,1e-04,4,0.179974191589281,0.000788140807441094,0.000567442667412266,11,420,785,0,0
"249",249,1e-04,1,1.82327795818252,0.000908366243733558,0.00165558483088779,15,420,785,0,0
"250",250,1e-04,3,0.377097518729482,0.000652166816829177,0.00073775987273772,22,420,785,0,0
"251",251,1e-04,0,0.10344021404162,0.00077463094225194,0,14,421,786,0,0
"252",252,1e-04,0,0.203482950339094,0.000870025098898359,0,12,422,787,0,0
"253",253,1e-04,0,0.681680624335449,0.000701011164003187,0,23,422,787,0,0
"254",254,1e-04,1,0.225883213976834,0.000586162890868444,0.000132434407924098,12,423,788,0,0
"255",255,1e-04,1,0.285916928003047,0.00107484304778348,0.000307433831418402,15,424,789,0,0
"256",256,1e-04,1,0.220275574071769,0.000783187436119304,0.000172569762113772,21,425,790,0,0
"257",257,1e-04,1,0.192800249531865,0.000850027470210168,0.00016394176153478,22,426,791,0,0
"258",258,1e-04,1,0.397865396539185,0.000639815139364141,0.000254609356190816,36,426,791,0,0
"259",259,1e-04,0,0.274732009192728,0.000991732434219001,0,11,427,792,0,0
"260",260,1e-04,5,0.0804854341316968,0.000888379902713595,0.000357603151132757,11,428,793,0,0
"261",261,1e-04,0,0.218965772050975,0.000780159058751361,0,12,428,793,0,0
"262",262,1e-04,1,0.0936987388895501,0.000837438155604916,7.84966919937791e-05,22,428,793,0,0
"263",263,1e-04,3,0.470990297799488,0.000710716224994804,0.00100407394683333,14,430,795,0,0
"264",264,1e-04,1,0.195279703522101,0.000704703543976357,0.00013765333548299,12,431,796,0,0
"265",265,1e-04,1,1.23858769995378,0.00068962758131765,0.000854093956800805,203,432,797,0,0
"266",266,1e-04,0,0.176579380128533,0.000698510026214867,0,12,434,799,0,0
"267",267,1e-04,0,0.532595092219241,0.000753566009159702,0,12,436,801,0,0
"268",268,1e-04,3,0.662057409956496,0.000758368857677974,0.0015056879138502,44,436,801,0,0
"269",269,1e-04,0,0.0488816327881068,0.000514466297170819,0,12,437,802,0,0
"270",270,1e-04,0,0.287394644959334,0.000880675096176363,0,21,437,802,0,0
"271",271,1e-04,1,0.0250786298160041,0.000759290135915389,1.90490076531491e-05,23,439,804,0,0
"272",272,1e-04,3,0.168967121746391,0.000853855807295294,0.000432911829532201,81,439,804,0,0
"273",273,1e-04,0,0.0609539274323396,0.00107265912213366,0,12,441,806,0,0
"274",274,1e-04,1,0.165450708288699,0.000622034567071947,0.000102942782683413,15,443,808,0,0
"275",275,1e-04,0,0.316561271889571,0.000824379345984213,0,11,444,809,0,0
"276",276,1e-04,0,0.0471035034165794,0.00079030950055748,0,18,446,811,0,0
"277",277,1e-04,0,0.0190754301846027,0.000647306048201334,0,23,446,811,0,0
"278",278,1e-04,1,0.164595758076757,0.000849530502783158,0.000139878761378442,14,447,812,0,0
"279",279,1e-04,0,0.400808593990717,0.000948258728555945,0,15,447,812,0,0
"280",280,1e-04,2,0.53433108103735,0.00103950935427713,0.00111084465657685,11,449,814,0,0
"281",281,1e-04,1,0.0113985534757376,0.000832599934605455,9.49434286900974e-06,12,449,814,0,0
"282",282,1e-04,0,0.550958403733499,0.000601051766082394,0,12,450,815,0,0
"283",283,1e-04,0,0.059431994240731,0.00082251540385364,0,19,450,815,0,0
"284",284,1e-04,1,0.0326436183415353,0.000747300043274436,2.4403399209505e-05,18,451,816,0,0
"285",285,1e-04,1,0.0130488021543942,0.000797859323437847,1.04152097303301e-05,23,452,817,0,0
"286",286,1e-04,0,0.173614860931411,0.000696348573693256,0,12,453,818,0,0
"287",287,1e-04,0,0.0539328207727522,0.000734286841191494,0,21,453,818,0,0
"288",288,1e-04,1,1.48318075733751,0.000732146342714107,0.0010857132684241,11,454,819,0,0
"289",289,1e-04,9,0.157414711592719,0.000834590000784956,0.00118218504691547,11,457,822,0,0
"290",290,1e-04,0,0.42783519530011,0.000744543848689856,0,21,459,824,0,0
"291",291,1e-04,1,0.00438873744544271,0.000834719622753631,3.66488834191436e-06,14,460,825,0,0
"292",292,1e-04,1,0.376053391477529,0.000869508721167508,0.000327070443490785,22,462,827,0,0
"293",293,1e-04,1,0.430081705608401,0.000752149169783099,0.000323554958361227,123,463,828,0,0
"294",294,1e-04,1,0.26050115631767,0.000786091730727759,0.000204837352065113,21,465,830,0,0
"295",295,1e-04,2,0.522160061446946,0.000785850636880538,0.000820665338379989,22,465,830,0,0
"296",296,1e-04,0,0.291570628514493,0.000716720570885833,0,12,467,832,0,0
"297",297,1e-04,2,0.368439110793201,0.00055852946457243,0.000411598447963679,11,468,833,0,0
"298",298,1e-04,0,0.45980896674492,0.000716929322121286,0,12,468,833,0,0
"299",299,1e-04,1,0.0313149939954437,0.000703368903003073,2.20335000664651e-05,23,469,834,0,0
"300",300,1e-04,1,0.210354822768334,0.000904354340877237,0.000190303259087421,18,472,837,0,0
"301",301,1e-04,0,0.104232586323516,0.000771226791893118,0,55,472,837,0,0
"302",302,1e-04,3,0.325961583840165,0.000773152895773166,0.000756060892760146,12,473,838,0,0
"303",303,1e-04,0,0.173892847588286,0.000723350598046747,0,22,473,838,0,0
"304",304,1e-04,0,0.295463302160118,0.00125921707164203,0,12,474,839,0,0
"305",305,1e-04,0,0.360473453799698,0.000706729850477519,0,22,476,841,0,0
"306",306,1e-04,0,0.0564516069833189,0.000747418847818283,0,165,477,842,0,0
"307",307,1e-04,0,0.0197890175487095,0.000772102413134418,0,12,479,844,0,0
"308",308,1e-04,2,0.279590970098129,0.000707903372198071,0.00039590856544347,12,484,849,0,0
"309",309,1e-04,3,0.0813984850421548,0.000668513600979808,0.000163289240989739,11,485,850,0,0
"310",310,1e-04,0,0.0666509413724272,0.000606499760316573,0,162,487,852,0,0
"311",311,1e-04,0,0.0532019767197745,0.000663460769073515,0,11,488,853,0,0
"312",312,1e-04,3,0.485800027077026,0.000761691319160733,0.00110989558756003,12,488,853,0,0
"313",313,1e-04,2,0.106195885827765,0.000784423070799566,0.000166656495594664,15,489,854,0,0
"314",314,1e-04,0,0.156110108597204,0.000767659227621595,0,14,490,855,0,0
"315",315,1e-04,2,0.338807922216568,0.000519029190747899,0.0003517318347247,21,491,856,0,0
"316",316,1e-04,3,0.120014342945069,0.000637291967474565,0.000229499336424688,12,495,860,0,0
"317",317,1e-04,0,0.357231181381706,0.000778110463576057,0,15,495,860,0,0
"318",318,1e-04,0,0.55138853706232,0.000782982408887798,0,12,497,862,0,0
"319",319,1e-04,0,0.303218059042904,0.000970006193927955,0,14,501,866,0,0
"320",320,1e-04,2,0.25879147275022,0.000811697513951657,0.000420203077896031,22,501,866,0,0
"321",321,1e-04,2,0.0996123339515179,0.000833014951199066,0.000166012506204183,12,504,869,0,0
"322",322,1e-04,2,0.0583527594742671,0.00092962026194757,0.000108536383965352,11,506,871,0,0
"323",323,1e-04,0,0.258693989539955,0.000906342984643809,0,12,506,871,0,0
"324",324,1e-04,1,0.107670329371467,0.0006969720297106,7.50665540329987e-05,15,506,871,0,0
"325",325,1e-04,1,0.121704222439768,0.00088302570912993,0.000107509654182159,11,507,872,0,0
"326",326,1e-04,1,0.187543998705223,0.00074472242902035,0.000139710494707512,12,508,873,0,0
"327",327,1e-04,0,1.377789651453,0.000885884992819275,0,12,511,876,0,0
"328",328,1e-04,0,0.293377067806632,0.00099519099375069,0,15,512,877,0,0
"329",329,1e-04,0,0.135986027726904,0.000936552154431184,0,18,515,880,0,0
"330",330,1e-04,2,0.0994713305263937,0.000885370201466862,0.000176200398462778,250,515,880,0,0
"331",331,1e-04,2,0.155169444065541,0.000982109052043871,0.000304889907777106,12,516,881,0,0
"332",332,1e-04,0,0.316234778610856,0.00104077388274631,0,12,517,882,0,0
"333",333,1e-04,1,0.154097240511328,0.000661651569629985,0.000101987225455957,15,517,882,0,0
"334",334,1e-04,0,0.267340040287439,0.000866795933748348,0,15,518,883,0,0
"335",335,1e-04,0,0.0354883928317577,0.00104070226415437,0,45,519,884,0,0
"336",336,1e-04,0,0.510700123966962,0.000818829075239876,0,127,519,884,0,0
"337",337,1e-04,1,0.0581375040203966,0.000780293023135903,4.5380966953612e-05,12,524,889,0,0
"338",338,1e-04,2,0.131083377404138,0.000751871023570533,0.000197170285581194,15,524,889,0,0
"339",339,1e-04,2,0.0215261029545218,0.000821706377630249,3.53901883402008e-05,22,525,890,0,0
"340",340,1e-04,2,0.573903298166521,0.000818267877704435,0.000939156457632317,11,529,894,0,0
"341",341,1e-04,3,0.268228647193376,0.00080377368464953,0.000646836169384768,11,530,895,0,0
"342",342,1e-04,0,1.04527593863415,0.00104230064360687,0,12,534,899,0,0
"343",343,1e-04,0,0.093014059541747,0.00069566380202376,0,44,535,900,0,0
"344",344,1e-04,1,1.389981022029,0.000819819781846905,0.00113935174530833,5,536,901,0,0
"345",345,1e-04,2,0.37846366445205,0.000799090031351917,0.000604911844852452,12,536,901,0,0
"346",346,1e-04,0,0.0206636823713779,0.00084265288771364,0,21,536,901,0,0
"347",347,1e-04,0,0.43252817602672,0.00099063196540877,0,11,537,902,0,0
"348",348,1e-04,3,0.656482325642746,0.00062890700592823,0.00123822141722696,21,538,903,0,0
"349",349,1e-04,1,0.190114708266114,0.00095209529165471,0.000181077145009367,12,539,904,0,0
"350",350,1e-04,3,0.144015008071437,0.000817911623545735,0.000353456760100346,12,543,908,0,0
"351",351,1e-04,0,0.500416887071255,0.000726938590845103,0,14,545,910,0,0
"352",352,1e-04,1,0.0542475806549191,0.000713171763786965,3.87008959789048e-05,11,548,913,0,0
"353",353,1e-04,0,0.128527067648247,0.000744418754950302,0,12,548,913,0,0
"354",354,1e-04,0,0.33380511625341,0.000679013904779563,0,44,548,913,0,0
"355",355,1e-04,1,0.341534714853827,0.000736846280512811,0.000251719660011362,11,549,914,0,0
"356",356,1e-04,0,0.365157764206145,0.000973022484471844,0,23,549,914,0,0
"357",357,1e-04,0,0.0840907245408744,0.000832023669048893,0,22,551,916,0,0
"358",358,1e-04,5,0.179895380884409,0.000801642899349675,0.000721088334891595,11,552,917,0,0
"359",359,1e-04,0,0.274401191050622,0.000909519281608303,0,12,552,917,0,0
"360",360,1e-04,0,0.0654668342887102,0.00065564527062757,0,18,552,917,0,0
"361",361,1e-04,0,1.34719147168795,0.000629766334974465,0,22,552,917,0,0
"362",362,1e-04,2,0.0739877872209133,0.000870292970835946,0.000128829874625036,12,554,919,0,0
"363",363,1e-04,0,0.0859046682715416,0.00070355807463087,0,11,557,922,0,0
"364",364,1e-04,0,0.155453798733652,0.000700309250797067,0,22,558,923,0,0
"365",365,1e-04,1,0.110999401100482,0.000875044273081208,9.71671902765259e-05,23,558,923,0,0
"366",366,1e-04,2,0.0193175023421645,0.00103205620568956,3.98932905953941e-05,12,559,924,0,0
"367",367,1e-04,0,0.00341210520749179,0.000692020900289574,0,19,560,925,0,0
"368",368,1e-04,0,0.0402367764618248,0.000840619706646255,0,12,563,928,0,0
"369",369,1e-04,0,0.00353557578517726,0.000713527305392334,0,44,565,930,0,0
"370",370,1e-04,0,0.633805587427826,0.000686921908211856,0,203,566,931,0,0
"371",371,1e-04,2,0.262519650800589,0.000776936602408346,0.000407997544462968,11,567,932,0,0
"372",372,1e-04,0,0.0746459204703569,0.000797700700880323,0,12,568,933,0,0
"373",373,1e-04,3,0.760022759586017,0.000827044058002174,0.00188471882019958,23,568,933,0,0
"374",374,1e-04,0,0.185943842260167,0.000597404307754964,0,11,569,934,0,0
"375",375,1e-04,0,0.0713586462763435,0.000993577790576058,0,11,570,935,0,0
"376",376,1e-04,0,0.179293490527198,0.000825524658324275,0,12,570,935,0,0
"377",377,1e-04,1,0.350151256273005,0.000959760400624188,0.000336166165917362,22,570,935,0,0
"378",378,1e-04,0,0.278099292597238,0.00064948436358886,0,12,572,937,0,0
"379",379,1e-04,1,0.065993099197564,0.000896107313523631,5.91616610564616e-05,12,573,938,0,0
"380",380,1e-04,0,0.27956523992382,0.000849117721256282,0,11,574,939,0,0
"381",381,1e-04,0,0.112911711400375,0.000915721299637739,0,12,574,939,0,0
"382",382,1e-04,0,0.0958857494406402,0.00088886881545913,0,127,578,943,0,0
"383",383,1e-04,0,0.0325305545702577,0.000758299656963197,0,14,579,944,0,0
"384",384,1e-04,1,0.0567877544090152,0.000897359255895733,5.09805954460596e-05,11,581,946,0,0
"385",385,1e-04,0,0.610448441256709,0.000660768779318684,0,12,582,947,0,0
"386",386,1e-04,0,0.403931919658992,0.000756598617306246,0,15,582,947,0,0
"387",387,1e-04,0,0.00187157486901357,0.000746278753593565,0,244,583,948,0,0
"388",388,1e-04,1,0.389070059625868,0.000715967003019275,0.000278622270140416,12,584,949,0,0
"389",389,1e-04,1,0.00623766272328794,0.00076408758919919,4.76793110071316e-06,15,584,949,0,0
"390",390,1e-04,2,0.266334540636705,0.000926257675478258,0.000493495659752541,227,584,949,0,0
"391",391,1e-04,0,0.25664549571133,0.000856860209117924,0,12,586,951,0,0
"392",392,1e-04,0,0.0706464413087815,0.000866235024715546,0,23,588,953,0,0
"393",393,1e-04,0,0.252083089748833,0.000889390531111172,0,12,589,954,0,0
"394",394,1e-04,0,0.135218686982989,0.000801364143327694,0,249,593,958,0,0
"395",395,1e-04,0,0.0111417069565505,0.000761754385097899,0,11,595,960,0,0
"396",396,1e-04,0,0.42766365456999,0.000905398425510325,0,19,596,961,0,0
"397",397,1e-04,2,0.455088568453617,0.000795770636491058,0.000724318132666601,12,597,962,0,0
"398",398,1e-04,0,0.0783899755217135,0.000892800222453746,0,18,597,962,0,0
"399",399,1e-04,1,0.152624046709388,0.000549114522376894,8.3827585327656e-05,12,598,963,0,0
"400",400,1e-04,3,0.385735077491466,0.00105091554113516,0.00121602447576608,11,601,966,0,0
"401",401,1e-04,3,0.0881560924462974,0.000746787827397811,0.000197555956165885,12,601,966,0,0
"402",402,1e-04,2,0.0383245021700893,0.000687371131201463,5.27030397919903e-05,15,601,966,0,0
"403",403,1e-04,2,0.503946901646383,0.000838783993423013,0.000845402389698879,12,606,971,0,0
"404",404,1e-04,4,0.460492673677332,0.000958624360392414,0.00176504534176947,12,607,972,0,0
"405",405,1e-04,0,0.403506617980514,0.00100528089965661,0,22,608,973,0,0
"406",406,1e-04,0,0.0335172302809946,0.00085209903784833,0,23,609,974,0,0
"407",407,1e-04,0,1.55237953953378,0.000850545385788167,0,12,610,975,0,0
"408",408,1e-04,0,0.120865026209503,0.000790204092815214,0,15,612,977,0,0
"409",409,1e-04,1,0.2586203707355,0.000690767593557102,0.000178692333820618,15,613,978,0,0
"410",410,1e-04,0,0.517768359904118,0.000899885359761636,0,12,614,979,0,0
"411",411,1e-04,1,0.283959461907831,0.00105873539361086,0.000300751958162149,344,618,983,0,0
"412",412,1e-04,1,0.201546102622524,0.000776935803115857,0.000156636975339741,22,619,984,0,0
"413",413,1e-04,0,0.162066611414775,0.000664751500183892,0,23,619,984,0,0
"414",414,1e-04,0,0.106472006253898,0.0005847530361915,0,12,620,985,0,0
"415",415,1e-04,3,0.760595328509252,0.000800296127702315,0.00182516794225351,12,621,986,0,0
"416",416,1e-04,1,0.114462972572073,0.000757389750239017,8.67221684355268e-05,11,622,987,0,0
"417",417,1e-04,0,0.132417127179391,0.000934727124329712,0,12,622,987,0,0
"418",418,1e-04,3,0.722444065808694,0.00112446943710746,0.00243549941265619,12,623,988,0,0
"419",419,1e-04,0,0.617310442750282,0.000876092691090833,0,12,625,990,0,0
"420",420,1e-04,0,0.218401274910632,0.000702544515767346,0,12,626,991,0,0
"421",421,1e-04,1,0.0653048848410746,0.000766961534328313,5.01042963870768e-05,321,626,991,0,0
"422",422,1e-04,0,0.48451554217758,0.000832218930334492,0,14,630,995,0,0
"423",423,1e-04,0,0.156072214851156,0.000816200253325636,0,400,632,997,0,0
"424",424,1e-04,5,0.233350160971434,0.000831363777916472,0.000969927106042157,12,633,998,0,0
"425",425,1e-04,0,0.140076017333195,0.000892014738204076,0,23,633,998,0,0
"426",426,1e-04,0,0.126163791446015,0.000779510315104513,0,12,634,999,0,0
"427",427,1e-04,3,0.0911364709027112,0.000677471367861354,0.000185272655078172,12,636,1001,0,0
"428",428,1e-04,0,0.444994497273989,0.000724243468817037,0,22,636,1001,0,0
"429",429,1e-04,2,0.204866168601438,0.000651312029896524,0.00026691491562203,12,638,1003,0,0
"430",430,1e-04,1,0.191535012004897,0.000907729025574275,0.000173925720505341,12,639,1004,0,0
"431",431,1e-04,0,0.41245585529736,0.000969493345206423,0,18,641,1006,0,0
"432",432,1e-04,1,0.137897751961908,0.00101982329235598,0.000140693199546793,11,644,1009,0,0
"433",433,1e-04,0,0.080719939452683,0.000806920592354247,0,14,645,1010,0,0
"434",434,1e-04,1,0.0222450502270997,0.000738123437265579,1.64255208622288e-05,373,646,1011,0,0
"435",435,1e-04,1,0.0336434121902864,0.000818705635952403,2.75549529209496e-05,11,648,1013,0,0
"436",436,1e-04,0,0.0372686860151589,0.000782432517014897,0,14,648,1013,0,0
"437",437,1e-04,0,0.0116970778908581,0.000815799756189926,0,15,649,1014,0,0
"438",438,1e-04,1,0.035945814606185,0.000684021020892447,2.45958034080784e-05,14,650,1015,0,0
"439",439,1e-04,0,0.0474605340510607,0.000745105526147524,0,12,652,1017,0,0
"440",440,1e-04,1,0.441169354294367,0.0006437431044289,0.00028405083031724,12,654,1019,0,0
"441",441,1e-04,1,0.0356325653381646,0.000959793088704,3.42157274912935e-05,12,656,1021,0,0
"442",442,1e-04,4,0.621755781744547,0.000914781238912675,0.00227353492906224,12,657,1022,0,0
"443",443,1e-04,1,0.270834173922059,0.000834329030099985,0.000226033581172791,12,658,1023,0,0
"444",444,1e-04,4,0.0656419176142663,0.000733166514036303,0.000192557885921207,18,658,1023,0,0
"445",445,1e-04,3,0.603039139483996,0.00076002308750354,0.00137454821780025,12,659,1024,0,0
"446",446,1e-04,1,0.229339763002681,0.000970869547127939,0.000222742337512849,12,660,1025,0,0
"447",447,1e-04,3,0.593557671991117,0.000875788764087338,0.00155896026930347,160,661,1026,0,0
"448",448,1e-04,0,0.439962967087455,0.000702696754793631,0,11,662,1027,0,0
"449",449,1e-04,1,0.768078087046187,0.000896671189524372,0.000688785129976721,77,662,1027,0,0
"450",450,1e-04,2,0.192731165885925,0.000912527018148477,0.000351843466798618,15,663,1028,0,0
"451",451,1e-04,0,0.364083927577797,0.000951063576844405,0,11,665,1030,0,0
"452",452,1e-04,2,0.167163250828162,0.000773510191606711,0.00025867156348669,12,669,1034,0,0
"453",453,1e-04,0,0.266392450487677,0.000737254460859868,0,22,669,1034,0,0
"454",454,1e-04,0,0.0279627552721649,0.000888819434753577,0,12,670,1035,0,0
"455",455,1e-04,3,0.118252549201136,0.000736609365387239,0.000261379931840167,23,671,1036,0,0
"456",456,1e-04,0,0.189084203448147,0.000670056568851617,0,11,675,1040,0,0
"457",457,1e-04,1,0.0469009319320321,0.000683211200640924,3.20536794254922e-05,12,675,1040,0,0
"458",458,1e-04,0,0.0525226424935548,0.000741643043631595,0,12,676,1041,0,0
"459",459,1e-04,0,0.190727514121681,0.000826345474171726,0,12,678,1043,0,0
"460",460,1e-04,1,0.0691045991610736,0.000760492697172918,5.25721544689661e-05,23,678,1043,0,0
"461",461,1e-04,0,0.0568545189079263,0.000841935481877671,0,12,681,1046,0,0
"462",462,1e-04,1,0.0630694715998527,0.00053294987343109,3.36212618694542e-05,18,681,1046,0,0
"463",463,1e-04,2,0.011296870838427,0.000774764465935568,1.75114594402892e-05,22,682,1047,0,0
"464",464,1e-04,1,0.287452808103029,0.000748104148809894,0.000215101978613186,23,682,1047,0,0
"465",465,1e-04,1,0.118934834465445,0.000699454758088856,8.32151805261194e-05,22,686,1051,0,0
"466",466,1e-04,1,0.300091640417105,0.000854171140420694,0.000256406278077326,379,687,1052,0,0
"467",467,1e-04,1,0.298334648829973,0.000792634076865193,0.000236535996645859,11,692,1057,0,0
"468",468,1e-04,1,0.0131783542223275,0.000848544044173684,1.1187098482246e-05,12,692,1057,0,0
"469",469,1e-04,4,0.0798565282704736,0.000677796573204525,0.000216555879887337,11,693,1058,0,0
"470",470,1e-04,3,0.0243623562445289,0.000665139416755848,4.86280823001062e-05,36,693,1058,0,0
"471",471,1e-04,0,0.882927916148558,0.000692908780312865,0,125,694,1059,0,0
"472",472,1e-04,0,0.131030260724947,0.000797518492168232,0,12,697,1062,0,0
"473",473,1e-04,0,0.0776546824257821,0.000934170246187499,0,23,697,1062,0,0
"474",474,1e-04,0,0.324803272156481,0.000717104326421363,0,12,699,1064,0,0
"475",475,1e-04,2,0.246016694872145,0.000749805330056325,0.000368999542851633,15,700,1065,0,0
"476",476,1e-04,0,0.00162904685960864,0.000760212806253035,0,11,702,1067,0,0
"477",477,1e-04,1,0.424453170935182,0.000913998897660442,0.000388051819669388,11,703,1068,0,0
"478",478,1e-04,0,0.289266134246781,0.000625243311726235,0,11,708,1073,0,0
"479",479,1e-04,0,0.054032814158407,0.000824407836674776,0,11,712,1077,0,0
"480",480,1e-04,1,0.0124817894306034,0.000627877910484699,7.8394705204099e-06,22,712,1077,0,0
"481",481,1e-04,3,0.110939438547939,0.000803423897477845,0.000267465885935847,180,714,1079,0,0
"482",482,1e-04,0,0.184908180451021,0.000769606175797313,0,14,715,1080,0,0
"483",483,1e-04,0,0.729454672857564,0.00073413103848445,0,11,716,1081,0,0
"484",484,1e-04,1,0.066314492867167,0.000805797830891055,5.34561865851435e-05,11,718,1083,0,0
"485",485,1e-04,0,0.149413627758622,0.000782650685622198,0,15,718,1083,0,0
"486",486,1e-04,2,0.223410404632852,0.000973318504787517,0.00043501610006691,11,719,1084,0,0
"487",487,1e-04,3,0.313671295891411,0.00080409215896157,0.000756679837987217,15,720,1085,0,0
"488",488,1e-04,1,0.480958429698773,0.000764160630864675,0.000367602412094548,22,720,1085,0,0
"489",489,1e-04,1,0.158993959520012,0.000935735005166383,0.000148834787545571,11,725,1090,0,0
"490",490,1e-04,0,1.38938182547577,0.00082592571098035,0,12,727,1092,0,0
"491",491,1e-04,2,0.118937565889596,0.000897084643676602,0.000213467114064114,12,729,1094,0,0
"492",492,1e-04,0,0.337445840599451,0.000868345864128825,0,15,730,1095,0,0
